function c = cmap2
%dark to light symmetric color map
c=[0.7843137383461 1 0.686274528503418;0.718954265117645 0.983660101890564 0.7124183177948;0.653594791889191 0.967320263385773 0.738562107086182;0.588235318660736 0.950980424880981 0.764705896377563;0.522875845432281 0.934640526771545 0.790849685668945;0.457516342401505 0.918300628662109 0.816993474960327;0.39215686917305 0.901960790157318 0.843137264251709;0.326797395944595 0.885620951652527 0.869281053543091;0.261437922716141 0.869281053543091 0.895424842834473;0.196078434586525 0.852941155433655 0.921568632125854;0.13071896135807 0.836601316928864 0.947712421417236;0.0653594806790352 0.820261478424072 0.973856210708618;0 0.803921580314636 1;0 0.736928105354309 1;0 0.669934630393982 1;0 0.602941155433655 1;0 0.535947740077972 1;0 0.468954265117645 1;0 0.401960790157318 1;0 0.334967315196991 1;0 0.267973870038986 1;0 0.200980395078659 1;0 0.133986935019493 1;0 0.0669934675097466 1;0 0 1;0 0 0.873949587345123;0 0 0.747899174690247;0 0 0.62184876203537;0 0 0.495798319578171;0 0 0.369747906923294;0 0 0.243697479367256;0 0 0.117647059261799;0.176470592617989 0 0;0.294117659330368 0 0;0.411764711141586 0 0;0.529411792755127 0 0;0.647058844566345 0 0;0.764705896377563 0 0;0.882352948188782 0 0;1 0 0;1 0.0833333358168602 0;1 0.16666667163372 0;1 0.25 0;1 0.333333343267441 0;1 0.416666656732559 0;1 0.5 0;1 0.583333313465118 0;1 0.666666686534882 0;1 0.75 0;1 0.833333313465118 0;1 0.916666686534882 0;1 1 0;1 0.990196108818054 0.0833333358168602;1 0.980392158031464 0.16666667163372;1 0.970588207244873 0.25;1 0.960784316062927 0.333333343267441;1 0.950980424880981 0.416666656732559;1 0.941176474094391 0.5;1 0.9313725233078 0.583333313465118;1 0.921568632125854 0.666666686534882;1 0.911764740943909 0.75;1 0.901960790157318 0.833333313465118;1 0.892156839370728 0.916666686534882;1 0.882352948188782 1];
%c=[1 1 1;0.666666686534882 1 1;0.333333343267441 1 1;0 1 1;0 0.986928105354309 0.888888895511627;0 0.973856210708618 0.777777791023254;0 0.960784316062927 0.666666686534882;0 0.947712421417236 0.555555582046509;0 0.934640526771545 0.444444447755814;0 0.921568632125854 0.333333343267441;0 0.908496737480164 0.222222223877907;0 0.895424842834473 0.111111111938953;0 0.882352948188782 0;0 0.916666686534882 0.0833333358168602;0 0.833333313465118 0.16666667163372;0 0.75 0.25;0 0.666666686534882 0.333333343267441;0 0.583333313465118 0.416666656732559;0 0.5 0.5;0 0.416666656732559 0.583333313465118;0 0.333333343267441 0.666666686534882;0 0.25 0.75;0 0.16666667163372 0.833333313465118;0 0.0833333358168602 0.916666686534882;0 0 1;0 0 0.873949587345123;0 0 0.747899174690247;0 0 0.62184876203537;0 0 0.495798319578171;0 0 0.369747906923294;0 0 0.243697479367256;0 0 0.117647059261799;0.176470592617989 0 0;0.294117659330368 0 0;0.411764711141586 0 0;0.529411792755127 0 0;0.647058844566345 0 0;0.764705896377563 0 0;0.882352948188782 0 0;1 0 0;1 0.0833333358168602 0;1 0.16666667163372 0;1 0.25 0;1 0.333333343267441 0;1 0.416666656732559 0;1 0.5 0;1 0.583333313465118 0;1 0.666666686534882 0;1 0.75 0;1 0.833333313465118 0;1 0.916666686534882 0;1 1 0;1 0.965141594409943 0.111111111938953;1 0.93028324842453 0.222222223877907;1 0.895424842834473 0.333333343267441;1 0.860566437244415 0.444444447755814;1 0.825708091259003 0.555555582046509;1 0.790849685668945 0.666666686534882;1 0.755991280078888 0.777777791023254;1 0.721132934093475 0.888888895511627;1 0.686274528503418 1;1 0.790849685668945 1;1 0.895424842834473 1;1 1 1];
%c=[1 1 1;0.833333313465118 1 1;0.666666686534882 1 1;0.5 1 1;0.333333343267441 1 1;0.16666667163372 1 1;0 1 1;0 0.9375 1;0 0.875 1;0 0.8125 1;0 0.75 1;0 0.6875 1;0 0.625 1;0 0.5625 1;0 0.5 1;0 0.4375 1;0 0.375 1;0 0.3125 1;0 0.25 1;0 0.1875 1;0 0.125 1;0 0.0625 1;0 0 1;0 0 0.909803926944733;0 0 0.819607853889465;0 0 0.729411780834198;0 0 0.639215707778931;0 0 0.549019634723663;0 0 0.458823531866074;0 0 0.368627458810806;0 0 0.278431385755539;0 0 0.18823529779911;0 0 0.0980392172932625;0.0980392172932625 0 0;0.180035650730133 0 0;0.262032091617584 0 0;0.344028532505035 0 0;0.426024943590164 0 0;0.508021414279938 0 0;0.590017855167389 0 0;0.672014236450195 0 0;0.754010677337646 0 0;0.836007118225098 0 0;0.918003559112549 0 0;1 0 0;1 0.0833333358168602 0;1 0.16666667163372 0;1 0.25 0;1 0.333333343267441 0;1 0.416666656732559 0;1 0.5 0;1 0.583333313465118 0;1 0.666666686534882 0;1 0.75 0;1 0.833333313465118 0;1 0.916666686534882 0;1 1 0;1 1 0.142857149243355;1 1 0.28571429848671;1 1 0.428571432828903;1 1 0.571428596973419;1 1 0.714285731315613;1 1 0.857142865657806;1 1 1];